0000127;00;0;666;TRW-1340;1;17:13:39:126
0000128;00;0;721;GHF-7902;2;17:13:39:554
0000130;00;0;907;XDY-1136;1;17:13:41:510
0000002;00;0;705;NLF-9961;2;16:22:41:012
0000003;00;0;827;CVS-3902;2;16:22:42:217
0000004;00;0;421;WKF-5447;1;16:22:42:618
0000005;00;0;869;WFN-7035;1;16:22:44:194
0000007;00;0;547;GGX-0037;2;16:22:46:240
0000009;00;0;040;YYC-7446;2;16:22:47:860
0000012;00;0;944;REN-5537;1;16:22:50:106
0000013;00;0;929;FXT-4639;1;16:22:51:118
0000014;00;0;977;SFA-5021;2;16:22:53:023
0000015;00;0;270;FXZ-5097;1;16:22:53:446
0000002;00;0;705;NLF-9961;2;16:28:28:187
0000003;00;0;827;CVS-3902;2;16:28:29:383
0000004;00;0;421;WKF-5447;1;16:28:29:786
0000005;00;0;869;WFN-7035;1;16:28:31:365
0000007;00;0;547;GGX-0037;2;16:28:33:410
0000009;00;0;040;YYC-7446;2;16:28:35:021
0000002;00;0;705;NLF-9961;2;18:43:13:106
0000003;00;0;827;CVS-3902;2;18:43:14:308
0000004;00;0;421;WKF-5447;1;18:43:14:709
0000005;00;0;869;WFN-7035;1;18:43:16:287
0000007;00;0;547;GGX-0037;2;18:43:18:336
0000009;00;0;040;YYC-7446;2;18:43:19:965
0000012;00;0;944;REN-5537;1;18:43:22:217
0000013;00;0;929;FXT-4639;1;18:43:23:229
0000014;00;0;977;SFA-5021;2;18:43:25:133
0000015;00;0;270;FXZ-5097;1;18:43:25:551
0000002;00;0;705;NLF-9961;2;18:44:16:797
0000003;00;0;827;CVS-3902;2;18:44:18:006
0000004;00;0;421;WKF-5447;1;18:44:18:409
0000005;00;0;869;WFN-7035;1;18:44:19:975
0000007;00;0;547;GGX-0037;2;18:44:22:018
0000009;00;0;040;YYC-7446;2;18:44:23:642
0000012;00;0;944;REN-5537;1;18:44:25:901
0000013;00;0;929;FXT-4639;1;18:44:26:925
0000014;00;0;977;SFA-5021;2;18:44:28:832
0000015;00;0;270;FXZ-5097;1;18:44:29:250
0000002;00;0;705;NLF-9961;2;01:46:55:065
0000003;00;0;827;CVS-3902;2;01:46:56:272
0000004;00;0;421;WKF-5447;1;01:46:56:674
0000005;00;0;869;WFN-7035;1;01:46:58:245
0000007;00;0;547;GGX-0037;2;01:47:00:290
0000009;00;0;040;YYC-7446;2;01:47:01:916
0000012;00;0;944;REN-5537;1;01:47:04:169
0000013;00;0;929;FXT-4639;1;01:47:05:194
0000014;00;0;977;SFA-5021;2;01:47:07:088
0000015;00;0;270;FXZ-5097;1;01:47:07:509
0000002;00;0;705;NLF-9961;2;01:51:18:324
0000003;00;0;827;CVS-3902;2;01:51:19:533
0000004;00;0;421;WKF-5447;1;01:51:19:936
0000005;00;0;869;WFN-7035;1;01:51:21:509
0000007;00;0;547;GGX-0037;2;01:51:23:552
0000009;00;0;040;YYC-7446;2;01:51:25:170
0000012;00;0;944;REN-5537;1;01:51:27:413
0000013;00;0;929;FXT-4639;1;01:51:28:438
0000014;00;0;977;SFA-5021;2;01:51:30:337
0000015;00;0;270;FXZ-5097;1;01:51:30:757
0000002;00;0;705;NLF-9961;2;01:52:57:729
0000003;00;0;827;CVS-3902;2;01:52:58:935
0000004;00;0;421;WKF-5447;1;01:52:59:336
0000005;00;0;869;WFN-7035;1;01:53:00:901
0000007;00;0;547;GGX-0037;2;01:53:02:940
0000009;00;0;040;YYC-7446;2;01:53:04:555
0000012;00;0;944;REN-5537;1;01:53:06:805
0000013;00;0;929;FXT-4639;1;01:53:07:829
0000014;00;0;977;SFA-5021;2;01:53:09:737
0000015;00;0;270;FXZ-5097;1;01:53:10:153
0000002;00;0;705;NLF-9961;2;12:38:03:458
0000003;00;0;827;CVS-3902;2;12:38:04:666
0000004;00;0;421;WKF-5447;1;12:38:05:070
0000005;00;0;869;WFN-7035;1;12:38:06:648
0000007;00;0;547;GGX-0037;2;12:38:08:684
0000009;00;0;040;YYC-7446;2;12:38:10:307
0000012;00;0;944;REN-5537;1;12:38:12:551
0000013;00;0;929;FXT-4639;1;12:38:13:565
0000014;00;0;977;SFA-5021;2;12:38:15:459
0000015;00;0;270;FXZ-5097;1;12:38:15:876
0000002;00;0;705;NLF-9961;2;13:14:22:349
0000003;00;0;827;CVS-3902;2;13:14:23:543
0000004;00;0;421;WKF-5447;1;13:14:23:944
0000005;00;0;869;WFN-7035;1;13:14:25:511
0000007;00;0;547;GGX-0037;2;13:14:27:559
0000009;00;0;040;YYC-7446;2;13:14:29:174
0000012;00;0;944;REN-5537;1;13:14:31:417
0000013;00;0;929;FXT-4639;1;13:14:32:429
0000014;00;0;977;SFA-5021;2;13:14:34:334
0000015;00;0;270;FXZ-5097;1;13:14:34:753
0000002;00;0;705;NLF-9961;2;13:24:02:639
0000003;00;0;827;CVS-3902;2;13:24:03:837
0000004;00;0;421;WKF-5447;1;13:24:04:240
0000005;00;0;869;WFN-7035;1;13:24:05:815
0000007;00;0;547;GGX-0037;2;13:24:07:860
0000009;00;0;040;YYC-7446;2;13:24:09:490
0000012;00;0;944;REN-5537;1;13:24:11:735
0000013;00;0;929;FXT-4639;1;13:24:12:755
0000014;00;0;977;SFA-5021;2;13:24:14:651
0000015;00;0;270;FXZ-5097;1;13:24:15:071
0000002;00;0;705;NLF-9961;2;13:25:43:296
0000003;00;0;827;CVS-3902;2;13:25:44:493
0000004;00;0;421;WKF-5447;1;13:25:44:896
0000005;00;0;869;WFN-7035;1;13:25:46:461
0000007;00;0;547;GGX-0037;2;13:25:48:503
0000009;00;0;040;YYC-7446;2;13:25:50:119
0000012;00;0;944;REN-5537;1;13:25:52:371
0000013;00;0;929;FXT-4639;1;13:25:53:397
0000014;00;0;977;SFA-5021;2;13:25:55:305
0000015;00;0;270;FXZ-5097;1;13:26:07:013
0000016;00;0;161;UVP-3655;1;13:26:08:292
0000017;00;0;350;GPO-3966;1;13:26:08:634
0000020;00;0;413;WQN-8762;2;13:26:12:169
0000022;00;0;291;AOW-4596;2;13:26:14:385
0000024;00;0;900;SFZ-3728;2;13:26:39:359
0000026;00;0;935;FIX-6519;1;13:26:49:478
0000029;00;0;458;OOK-4798;2;13:26:54:732
0000030;00;0;009;NKO-8538;1;13:26:55:415
0000033;00;0;875;PVS-3844;1;13:26:57:874
0000034;00;0;322;JLF-3557;1;13:26:58:956
0000036;00;0;401;NTR-5002;2;13:27:01:206
0000038;00;0;721;DIZ-2368;1;13:27:03:169
0000044;00;0;832;PXO-8321;1;13:27:10:275
0000045;00;0;481;KEU-7129;2;13:27:11:218
0000046;00;0;173;OGB-6292;2;13:27:13:064
0000047;00;0;154;ANF-3186;2;13:27:13:312
0000048;00;0;168;EPZ-7958;2;13:27:14:090
0000051;00;0;763;QGX-3102;1;13:27:17:336
0000053;00;0;061;LLC-7505;2;13:27:19:775
0000002;00;0;705;NLF-9961;2;13:42:30:983
0000003;00;0;827;CVS-3902;2;13:42:32:181
0000004;00;0;421;WKF-5447;1;13:42:32:585
0000005;00;0;869;WFN-7035;1;13:42:34:159
0000007;00;0;547;GGX-0037;2;13:42:36:204
0000009;00;0;040;YYC-7446;2;13:42:37:827
0000012;00;0;944;REN-5537;1;13:42:40:069
0000013;00;0;929;FXT-4639;1;13:42:41:087
0000014;00;0;977;SFA-5021;2;13:42:42:995
0000015;00;0;270;FXZ-5097;1;13:42:43:414
0000016;00;0;161;UVP-3655;1;13:42:44:699
0000017;00;0;350;GPO-3966;1;13:42:45:041
0000020;00;0;413;WQN-8762;2;13:42:48:578
0000022;00;0;291;AOW-4596;2;13:42:50:791
0000024;00;0;900;SFZ-3728;2;13:42:53:440
0000026;00;0;935;FIX-6519;1;13:43:47:074
0000029;00;0;458;OOK-4798;2;13:43:52:328
0000030;00;0;009;NKO-8538;1;13:43:53:022
0000033;00;0;875;PVS-3844;1;13:43:55:475
0000034;00;0;322;JLF-3557;1;13:43:56:553
0000036;00;0;401;NTR-5002;2;13:43:58:806
0000038;00;0;721;DIZ-2368;1;13:44:00:760
0000044;00;0;832;PXO-8321;1;13:44:07:854
0000051;00;0;763;QGX-3102;1;13:44:40:477
0000053;00;0;061;LLC-7505;2;13:44:42:905
0000055;00;0;413;IWY-0235;2;13:44:45:110
0000056;00;0;896;NFS-0140;1;13:44:45:917
0000057;00;0;019;TEK-2658;1;13:44:46:814
0000058;00;0;678;ZJE-1018;1;13:44:47:187
0000059;00;0;800;RQC-9010;2;13:44:47:498
0000061;00;0;565;DPS-2625;2;13:44:49:740
0000045;00;0;481;KEU-7129;2;13:44:08:796
0000046;00;0;173;OGB-6292;2;13:44:10:641
0000047;00;0;154;ANF-3186;2;13:44:36:447
0000048;00;0;168;EPZ-7958;2;13:44:37:221
0000002;00;0;705;NLF-9961;2;13:57:01:105
0000003;00;0;827;CVS-3902;2;13:57:02:301
0000004;00;0;421;WKF-5447;1;13:57:02:704
0000005;00;0;869;WFN-7035;1;13:57:04:282
0000007;00;0;547;GGX-0037;2;13:57:06:329
0000009;00;0;040;YYC-7446;2;13:57:07:954
0000012;00;0;944;REN-5537;1;13:57:14:105
0000013;00;0;929;FXT-4639;1;13:57:15:129
0000014;00;0;977;SFA-5021;2;13:57:17:026
0000015;00;0;270;FXZ-5097;1;13:57:17:444
0000016;00;0;161;UVP-3655;1;13:57:18:726
0000002;00;0;705;NLF-9961;2;15:07:48:200
0000003;00;0;827;CVS-3902;2;15:07:49:396
0000004;00;0;421;WKF-5447;1;15:07:49:798
0000005;00;0;869;WFN-7035;1;15:07:51:366
0000007;00;0;547;GGX-0037;2;15:07:53:411
0000009;00;0;040;YYC-7446;2;15:07:55:042
0000012;00;0;944;REN-5537;1;15:07:57:291
0000013;00;0;929;FXT-4639;1;15:07:58:311
0000014;00;0;977;SFA-5021;2;15:08:00:217
0000015;00;0;270;FXZ-5097;1;15:08:00:632
0000016;00;0;161;UVP-3655;1;15:08:01:916
0000017;00;0;350;GPO-3966;1;15:08:02:258
0000002;00;0;705;NLF-9961;2;15:08:17:313
0000003;00;0;827;CVS-3902;2;15:08:18:519
0000004;00;0;421;WKF-5447;1;15:08:18:921
0000005;00;0;869;WFN-7035;1;15:08:20:493
0000007;00;0;547;GGX-0037;2;15:08:22:541
0000009;00;0;040;YYC-7446;2;15:08:24:157
0000012;00;0;944;REN-5537;1;15:08:26:404
0000013;00;0;929;FXT-4639;1;15:08:27:420
0000014;00;0;977;SFA-5021;2;15:08:29:325
0000015;00;0;270;FXZ-5097;1;15:08:29:744
0000016;00;0;161;UVP-3655;1;15:08:31:029
0000017;00;0;350;GPO-3966;1;15:08:31:368
0000020;00;0;413;WQN-8762;2;15:08:36:972
0000022;00;0;291;AOW-4596;2;15:08:39:185
0000024;00;0;900;SFZ-3728;2;15:08:41:831
0000026;00;0;935;FIX-6519;1;15:08:44:883
0000029;00;0;458;OOK-4798;2;15:08:50:116
0000030;00;0;009;NKO-8538;1;15:08:50:798
0000033;00;0;875;PVS-3844;1;15:08:53:242
0000034;00;0;322;JLF-3557;1;15:08:59:479
0000036;00;0;401;NTR-5002;2;15:09:01:712
0000038;00;0;721;DIZ-2368;1;15:09:03:674
0000044;00;0;832;PXO-8321;1;15:09:10:766
0000045;00;0;481;KEU-7129;2;15:09:11:709
0000046;00;0;173;OGB-6292;2;15:09:13:555
0000047;00;0;154;ANF-3186;2;15:09:13:803
0000048;00;0;168;EPZ-7958;2;15:09:14:582
0000051;00;0;763;QGX-3102;1;15:09:17:833
0000053;00;0;061;LLC-7505;2;15:09:20:261
0000055;00;0;413;IWY-0235;2;15:09:22:477
0000056;00;0;896;NFS-0140;1;15:09:23:280
0000057;00;0;019;TEK-2658;1;15:09:24:182
0000058;00;0;678;ZJE-1018;1;15:09:24:558
0000059;00;0;800;RQC-9010;2;15:09:24:880
0000061;00;0;565;DPS-2625;2;15:09:27:128
0000062;00;0;423;YMM-0123;1;15:09:29:060
0000064;00;0;011;NPP-1153;1;15:09:32:341
0000065;00;0;188;BAZ-8662;2;15:09:33:717
0000069;00;0;111;ARM-6072;1;15:09:39:419
0000073;00;0;296;HPK-3584;1;15:09:54:419
0000072;00;0;585;RJB-4229;2;15:09:43:601
0000074;00;0;457;RQZ-2607;2;15:09:55:484
0000077;00;0;205;LIE-2279;2;15:09:59:292
0000078;00;0;637;OSR-0176;2;15:10:00:180
0000079;00;0;881;OJB-9855;2;15:10:01:542
0000080;00;0;611;POW-1752;2;15:10:03:381
0000082;00;0;112;PNP-0040;1;15:10:10:237
0000084;00;0;044;AXX-1192;2;15:10:12:165
0000083;00;0;497;PQN-9353;1;15:10:10:516
0000087;00;0;601;TNZ-8213;1;15:10:14:660
0000086;00;0;561;LTF-6129;1;15:10:13:357
0000089;00;0;498;KVF-2604;2;15:10:21:226
0000091;00;0;619;JZW-1818;1;15:10:22:509
0000093;00;0;971;CHZ-1545;1;15:10:23:757
0000095;00;0;245;CEY-9601;2;15:10:25:376
0000094;00;0;769;ARX-8289;1;15:10:24:307
0000002;00;0;705;NLF-9961;2;15:35:42:292
0000003;00;0;827;CVS-3902;2;15:35:43:491
0000004;00;0;421;WKF-5447;1;15:35:43:893
0000005;00;0;869;WFN-7035;1;15:35:45:459
0000007;00;0;547;GGX-0037;2;15:35:47:496
0000009;00;0;040;YYC-7446;2;15:35:49:127
0000012;00;0;944;REN-5537;1;15:35:51:380
0000013;00;0;929;FXT-4639;1;15:35:52:391
0000014;00;0;977;SFA-5021;2;15:35:54:284
0000015;00;0;270;FXZ-5097;1;15:35:54:701
0000016;00;0;161;UVP-3655;1;15:35:55:979
0000017;00;0;350;GPO-3966;1;15:35:56:323
0000020;00;0;413;WQN-8762;2;15:35:59:864
0000022;00;0;291;AOW-4596;2;15:36:02:076
0000024;00;0;900;SFZ-3728;2;15:36:04:722
0000026;00;0;935;FIX-6519;1;15:36:07:761
0000029;00;0;458;OOK-4798;2;15:36:13:018
0000030;00;0;009;NKO-8538;1;15:36:13:698
0000033;00;0;875;PVS-3844;1;15:36:16:164
0000034;00;0;322;JLF-3557;1;15:36:17:246
0000036;00;0;401;NTR-5002;2;15:36:19:492
0000038;00;0;721;DIZ-2368;1;15:36:21:437
0000044;00;0;832;PXO-8321;1;15:36:28:517
0000045;00;0;481;KEU-7129;2;15:36:29:465
0000046;00;0;173;OGB-6292;2;15:36:31:309
0000047;00;0;154;ANF-3186;2;15:36:31:558
0000048;00;0;168;EPZ-7958;2;15:36:32:331
0000051;00;0;763;QGX-3102;1;15:36:35:583
0000053;00;0;061;LLC-7505;2;15:36:38:015
0000055;00;0;413;IWY-0235;2;15:36:40:218
0000056;00;0;896;NFS-0140;1;15:36:41:023
0000057;00;0;019;TEK-2658;1;15:36:41:922
0000058;00;0;678;ZJE-1018;1;15:36:42:294
0000059;00;0;800;RQC-9010;2;15:36:42:603
0000061;00;0;565;DPS-2625;2;15:36:44:850
0000062;00;0;423;YMM-0123;1;15:36:46:790
0000064;00;0;011;NPP-1153;1;15:36:50:069
0000065;00;0;188;BAZ-8662;2;15:36:51:445
0000069;00;0;111;ARM-6072;1;15:36:54:305
0000072;00;0;585;RJB-4229;2;15:36:58:473
0000073;00;0;296;HPK-3584;1;15:36:59:435
0000074;00;0;457;RQZ-2607;2;15:37:00:500
0000077;00;0;205;LIE-2279;2;15:37:04:293
0000078;00;0;637;OSR-0176;2;15:37:05:189
0000079;00;0;881;OJB-9855;2;15:37:06:552
0000080;00;0;611;POW-1752;2;15:37:08:393
0000082;00;0;112;PNP-0040;1;15:37:11:308
0000083;00;0;497;PQN-9353;1;15:37:11:586
0000084;00;0;044;AXX-1192;2;15:37:13:241
0000086;00;0;561;LTF-6129;1;15:37:14:446
0000087;00;0;601;TNZ-8213;1;15:37:15:759
0000089;00;0;498;KVF-2604;2;15:37:17:662
0000091;00;0;619;JZW-1818;1;15:37:18:950
0000093;00;0;971;CHZ-1545;1;15:37:20:191
0000094;00;0;769;ARX-8289;1;15:37:20:732
0000095;00;0;245;CEY-9601;2;15:37:21:801
0000096;00;0;152;XWT-9901;2;15:37:22:126
0000098;00;0;943;BXV-5049;2;15:37:24:090
0000099;00;0;608;CFQ-9954;1;15:37:25:778
0000100;00;0;949;ZGK-0748;2;15:37:26:724
0000102;00;0;923;FRO-4944;2;15:37:29:391
0000103;00;0;411;RXJ-2549;1;15:37:29:997
0000105;00;0;426;URP-2404;2;15:37:32:729
0000106;00;0;375;LDU-4736;2;15:37:34:451
0000107;00;0;256;WQC-0482;2;15:37:34:957
0000109;00;0;662;CZF-1416;1;15:37:35:959
0000110;00;0;233;UBU-6303;1;15:37:36:765
0000111;00;0;317;BRE-9200;1;15:37:37:025
0000112;00;0;050;BFC-1903;1;15:37:37:535
0000114;00;0;402;HJZ-3878;2;15:37:39:146
0000117;00;0;508;DHT-1515;2;15:37:42:778
0000120;00;0;484;WIT-5951;2;15:37:45:952
0000002;00;0;705;NLF-9961;2;15:38:31:511
0000003;00;0;827;CVS-3902;2;15:38:32:717
0000004;00;0;421;WKF-5447;1;15:38:33:120
0000005;00;0;869;WFN-7035;1;15:38:34:697
0000007;00;0;547;GGX-0037;2;15:38:36:738
0000009;00;0;040;YYC-7446;2;15:38:38:353
0000002;00;0;705;NLF-9961;2;15:38:52:389
0000003;00;0;827;CVS-3902;2;15:38:53:587
0000004;00;0;421;WKF-5447;1;15:38:53:988
0000005;00;0;869;WFN-7035;1;15:38:55:553
0000007;00;0;547;GGX-0037;2;15:38:57:597
0000009;00;0;040;YYC-7446;2;15:38:59:226
0000012;00;0;944;REN-5537;1;15:39:01:467
0000013;00;0;929;FXT-4639;1;15:39:02:489
0000014;00;0;977;SFA-5021;2;15:39:04:387
0000015;00;0;270;FXZ-5097;1;15:39:04:802
0000016;00;0;161;UVP-3655;1;15:39:06:081
0000017;00;0;350;GPO-3966;1;15:39:06:421
0000020;00;0;413;WQN-8762;2;15:39:09:977
0000022;00;0;291;AOW-4596;2;15:39:12:185
0000002;00;0;705;NLF-9961;2;15:39:29:704
0000003;00;0;827;CVS-3902;2;15:39:30:908
0000004;00;0;421;WKF-5447;1;15:39:31:311
0000005;00;0;869;WFN-7035;1;15:39:32:877
0000007;00;0;547;GGX-0037;2;15:39:34:925
0000009;00;0;040;YYC-7446;2;15:39:36:549
0000012;00;0;944;REN-5537;1;15:39:38:800
0000002;00;0;705;NLF-9961;2;15:40:10:866
0000003;00;0;827;CVS-3902;2;15:40:12:061
0000004;00;0;421;WKF-5447;1;15:40:12:467
0000005;00;0;869;WFN-7035;1;15:40:14:043
0000007;00;0;547;GGX-0037;2;15:40:16:073
0000009;00;0;040;YYC-7446;2;15:40:17:684
0000012;00;0;944;REN-5537;1;15:40:19:924
0000013;00;0;929;FXT-4639;1;15:40:20:946
0000014;00;0;977;SFA-5021;2;15:40:22:852
0000015;00;0;270;FXZ-5097;1;15:40:23:271
0000016;00;0;161;UVP-3655;1;15:40:24:551
0000002;00;0;705;NLF-9961;2;15:40:40:599
0000003;00;0;827;CVS-3902;2;15:40:41:807
0000004;00;0;421;WKF-5447;1;15:40:42:210
0000005;00;0;869;WFN-7035;1;15:40:43:779
0000007;00;0;547;GGX-0037;2;15:40:45:811
0000009;00;0;040;YYC-7446;2;15:40:47:425
0000012;00;0;944;REN-5537;1;15:40:49:677
0000002;00;0;705;NLF-9961;2;15:41:19:781
0000003;00;0;827;CVS-3902;2;15:41:20:990
0000004;00;0;421;WKF-5447;1;15:41:21:397
0000005;00;0;869;WFN-7035;1;15:41:22:962
0000007;00;0;547;GGX-0037;2;15:41:25:010
0000009;00;0;040;YYC-7446;2;15:41:26:637
0000012;00;0;944;REN-5537;1;15:41:28:880
0000002;00;0;705;NLF-9961;2;15:41:49:275
0000003;00;0;827;CVS-3902;2;15:41:50:477
0000004;00;0;421;WKF-5447;1;15:41:50:879
0000005;00;0;869;WFN-7035;1;15:41:52:457
0000007;00;0;547;GGX-0037;2;15:41:54:491
0000009;00;0;040;YYC-7446;2;15:41:56:102
0000012;00;0;944;REN-5537;1;15:41:58:353
0000013;00;0;929;FXT-4639;1;15:41:59:378
0000002;00;0;705;NLF-9961;2;15:42:41:937
0000003;00;0;827;CVS-3902;2;15:42:43:144
0000004;00;0;421;WKF-5447;1;15:42:43:546
0000005;00;0;869;WFN-7035;1;15:42:45:112
0000007;00;0;547;GGX-0037;2;15:42:47:154
0000009;00;0;040;YYC-7446;2;15:42:48:780
0000012;00;0;944;REN-5537;1;15:42:51:028
0000013;00;0;929;FXT-4639;1;15:42:52:040
0000014;00;0;977;SFA-5021;2;15:42:56:397
0000015;00;0;270;FXZ-5097;1;15:42:56:816
0000016;00;0;161;UVP-3655;1;15:42:59:208
0000017;00;0;350;GPO-3966;1;15:42:59:546
0000020;00;0;413;WQN-8762;2;15:43:03:090
0000002;00;0;705;NLF-9961;2;15:48:48:788
0000003;00;0;827;CVS-3902;2;15:48:49:983
0000004;00;0;421;WKF-5447;1;15:48:50:387
0000005;00;0;869;WFN-7035;1;15:48:51:957
0000007;00;0;547;GGX-0037;2;15:48:54:006
0000009;00;0;040;YYC-7446;2;15:48:55:623
0000012;00;0;944;REN-5537;1;15:48:57:871
0000013;00;0;929;FXT-4639;1;15:48:58:893
0000014;00;0;977;SFA-5021;2;15:49:00:790
0000015;00;0;270;FXZ-5097;1;15:49:12:685
0000016;00;0;161;UVP-3655;1;15:49:13:961
0000017;00;0;350;GPO-3966;1;15:49:14:303
0000020;00;0;413;WQN-8762;2;15:49:17:852
0000002;00;0;705;NLF-9961;2;15:50:45:585
0000003;00;0;827;CVS-3902;2;15:50:46:780
0000004;00;0;421;WKF-5447;1;15:50:47:182
0000005;00;0;869;WFN-7035;1;15:50:48:748
0000007;00;0;547;GGX-0037;2;15:50:50:784
0000009;00;0;040;YYC-7446;2;15:50:52:408
0000012;00;0;944;REN-5537;1;15:50:54:655
0000013;00;0;929;FXT-4639;1;15:50:55:678
0000014;00;0;977;SFA-5021;2;15:50:57:577
0000015;00;0;270;FXZ-5097;1;15:50:57:992
0000016;00;0;161;UVP-3655;1;15:50:59:274
0000017;00;0;350;GPO-3966;1;15:50:59:616
0000020;00;0;413;WQN-8762;2;15:51:03:165
0000022;00;0;291;AOW-4596;2;15:51:05:374
0000024;00;0;900;SFZ-3728;2;15:51:08:031
0000026;00;0;935;FIX-6519;1;15:51:11:075
0000029;00;0;458;OOK-4798;2;15:51:16:315
0000030;00;0;009;NKO-8538;1;15:51:16:996
0000002;00;0;705;NLF-9961;2;15:55:30:830
0000003;00;0;827;CVS-3902;2;15:55:32:039
0000004;00;0;421;WKF-5447;1;15:55:32:442
0000005;00;0;869;WFN-7035;1;15:55:34:013
0000007;00;0;547;GGX-0037;2;15:55:36:051
0000009;00;0;040;YYC-7446;2;15:55:37:674
0000012;00;0;944;REN-5537;1;15:55:39:921
0000013;00;0;929;FXT-4639;1;15:55:40:940
0000014;00;0;977;SFA-5021;2;15:55:42:845
0000015;00;0;270;FXZ-5097;1;15:55:43:267
0000016;00;0;161;UVP-3655;1;15:55:46:532
0000017;00;0;350;GPO-3966;1;15:55:46:874
0000020;00;0;413;WQN-8762;2;15:55:50:420
0000022;00;0;291;AOW-4596;2;15:55:52:637
0000024;00;0;900;SFZ-3728;2;15:55:58:845
0000002;00;0;705;NLF-9961;2;15:57:57:502
0000003;00;0;827;CVS-3902;2;15:57:58:707
0000004;00;0;421;WKF-5447;1;15:57:59:107
0000005;00;0;869;WFN-7035;1;15:58:00:685
0000007;00;0;547;GGX-0037;2;15:58:02:719
0000009;00;0;040;YYC-7446;2;15:58:04:349
0000012;00;0;944;REN-5537;1;15:58:06:602
0000013;00;0;929;FXT-4639;1;15:58:07:623
0000014;00;0;977;SFA-5021;2;15:58:09:517
0000015;00;0;270;FXZ-5097;1;15:58:20:704
0000016;00;0;161;UVP-3655;1;15:58:21:987
0000017;00;0;350;GPO-3966;1;15:58:22:327
0000020;00;0;413;WQN-8762;2;15:58:25:864
0000002;00;0;705;NLF-9961;2;15:58:57:908
0000003;00;0;827;CVS-3902;2;15:58:59:115
0000004;00;0;421;WKF-5447;1;15:58:59:518
0000005;00;0;869;WFN-7035;1;15:59:01:084
0000007;00;0;547;GGX-0037;2;15:59:03:125
0000009;00;0;040;YYC-7446;2;15:59:04:752
0000012;00;0;944;REN-5537;1;15:59:06:997
0000013;00;0;929;FXT-4639;1;15:59:08:018
0000014;00;0;977;SFA-5021;2;15:59:09:918
0000015;00;0;270;FXZ-5097;1;15:59:10:337
0000016;00;0;161;UVP-3655;1;15:59:11:620
0000017;00;0;350;GPO-3966;1;15:59:11:960
0000020;00;0;413;WQN-8762;2;15:59:15:519
0000022;00;0;291;AOW-4596;2;15:59:17:726
0000024;00;0;900;SFZ-3728;2;15:59:20:380
0000026;00;0;935;FIX-6519;1;15:59:23:432
0000002;00;0;705;NLF-9961;2;16:00:49:665
0000003;00;0;827;CVS-3902;2;16:00:50:870
0000004;00;0;421;WKF-5447;1;16:00:51:273
0000005;00;0;869;WFN-7035;1;16:00:52:848
0000007;00;0;547;GGX-0037;2;16:00:54:896
0000009;00;0;040;YYC-7446;2;16:00:56:521
0000012;00;0;944;REN-5537;1;16:00:58:771
0000013;00;0;929;FXT-4639;1;16:00:59:793
0000014;00;0;977;SFA-5021;2;16:01:01:692
0000015;00;0;270;FXZ-5097;1;16:01:02:112
0000016;00;0;161;UVP-3655;1;16:01:03:386
0000017;00;0;350;GPO-3966;1;16:01:03:726
0000020;00;0;413;WQN-8762;2;16:01:07:263
0000002;00;0;705;NLF-9961;2;16:01:43:673
0000003;00;0;827;CVS-3902;2;16:01:44:878
0000004;00;0;421;WKF-5447;1;16:01:45:281
0000005;00;0;869;WFN-7035;1;16:01:46:858
0000007;00;0;547;GGX-0037;2;16:01:48:901
0000009;00;0;040;YYC-7446;2;16:01:50:533
0000012;00;0;944;REN-5537;1;16:01:52:776
0000013;00;0;929;FXT-4639;1;16:01:53:798
0000014;00;0;977;SFA-5021;2;16:01:55:695
0000002;00;0;705;NLF-9961;2;16:02:25:069
0000003;00;0;827;CVS-3902;2;16:02:26:275
0000004;00;0;421;WKF-5447;1;16:02:26:679
0000005;00;0;869;WFN-7035;1;16:02:28:256
0000007;00;0;547;GGX-0037;2;16:02:30:300
0000009;00;0;040;YYC-7446;2;16:02:31:925
0000012;00;0;944;REN-5537;1;16:02:34:173
0000013;00;0;929;FXT-4639;1;16:02:35:194
0000014;00;0;977;SFA-5021;2;16:02:43:101
0000015;00;0;270;FXZ-5097;1;16:02:43:516
0000016;00;0;161;UVP-3655;1;16:02:44:801
0000017;00;0;350;GPO-3966;1;16:02:45:144
0000020;00;0;413;WQN-8762;2;16:02:48:694
0000022;00;0;291;AOW-4596;2;16:02:50:917
0000024;00;0;900;SFZ-3728;2;16:02:53:562
0000026;00;0;935;FIX-6519;1;16:02:56:629
0000029;00;0;458;OOK-4798;2;16:03:08:900
0000030;00;0;009;NKO-8538;1;16:03:09:583
0000033;00;0;875;PVS-3844;1;16:03:12:033
0000034;00;0;322;JLF-3557;1;16:03:13:106
0000036;00;0;401;NTR-5002;2;16:03:15:355
0000002;00;0;705;NLF-9961;2;16:14:26:353
0000003;00;0;827;CVS-3902;2;16:14:27:552
0000004;00;0;421;WKF-5447;1;16:14:27:953
0000005;00;0;869;WFN-7035;1;16:14:29:517
0000007;00;0;547;GGX-0037;2;16:14:31:566
0000009;00;0;040;YYC-7446;2;16:14:33:188
0000012;00;0;944;REN-5537;1;16:14:35:434
0000013;00;0;929;FXT-4639;1;16:14:36:445
0000014;00;0;977;SFA-5021;2;16:14:38:349
0000015;00;0;270;FXZ-5097;1;16:14:38:770
0000016;00;0;161;UVP-3655;1;16:14:40:058
0000017;00;0;350;GPO-3966;1;16:14:40:398
0000020;00;0;413;WQN-8762;2;16:14:52:510
0000022;00;0;291;AOW-4596;2;16:14:54:727
0000024;00;0;900;SFZ-3728;2;16:14:57:379
0000026;00;0;935;FIX-6519;1;16:15:00:431
0000029;00;0;458;OOK-4798;2;16:15:05:693
0000030;00;0;009;NKO-8538;1;16:15:20:770
0000033;00;0;875;PVS-3844;1;16:15:23:214
0000034;00;0;322;JLF-3557;1;16:15:24:287
0000036;00;0;401;NTR-5002;2;16:15:26:520
0000038;00;0;721;DIZ-2368;1;16:15:28:473
0000044;00;0;832;PXO-8321;1;16:15:35:565
0000045;00;0;481;KEU-7129;2;16:15:36:509
0000046;00;0;173;OGB-6292;2;16:15:38:354
0000002;00;0;705;NLF-9961;2;16:20:32:987
0000003;00;0;827;CVS-3902;2;16:20:34:190
0000004;00;0;421;WKF-5447;1;16:20:34:594
0000005;00;0;869;WFN-7035;1;16:20:36:159
0000007;00;0;547;GGX-0037;2;16:20:38:201
0000009;00;0;040;YYC-7446;2;16:20:39:828
0000012;00;0;944;REN-5537;1;16:20:42:070
0000013;00;0;929;FXT-4639;1;16:20:43:093
0000014;00;0;977;SFA-5021;2;16:20:44:997
0000015;00;0;270;FXZ-5097;1;16:20:45:411
0000016;00;0;161;UVP-3655;1;16:20:46:696
0000017;00;0;350;GPO-3966;1;16:20:47:038
0000020;00;0;413;WQN-8762;2;16:20:55:614
0000022;00;0;291;AOW-4596;2;16:20:57:826
0000024;00;0;900;SFZ-3728;2;16:21:00:485
0000026;00;0;935;FIX-6519;1;16:21:03:538
0000029;00;0;458;OOK-4798;2;16:21:08:782
0000030;00;0;009;NKO-8538;1;16:21:09:463
0000033;00;0;875;PVS-3844;1;16:21:11:921
0000034;00;0;322;JLF-3557;1;16:21:12:992
0000036;00;0;401;NTR-5002;2;16:21:15:249
0000038;00;0;721;DIZ-2368;1;16:21:17:200
0000044;00;0;832;PXO-8321;1;16:21:24:288
0000045;00;0;481;KEU-7129;2;16:21:25:227
0000046;00;0;173;OGB-6292;2;16:21:27:065
0000047;00;0;154;ANF-3186;2;16:21:27:311
0000048;00;0;168;EPZ-7958;2;16:21:28:094
0000051;00;0;763;QGX-3102;1;16:21:31:343
0000053;00;0;061;LLC-7505;2;16:21:33:770
0000055;00;0;413;IWY-0235;2;16:21:35:970
0000056;00;0;896;NFS-0140;1;16:21:36:783
0000057;00;0;019;TEK-2658;1;16:21:37:679
0000058;00;0;678;ZJE-1018;1;16:21:38:052
0000059;00;0;800;RQC-9010;2;16:21:38:363
0000002;00;0;705;NLF-9961;2;16:23:53:005
0000003;00;0;827;CVS-3902;2;16:23:54:203
0000004;00;0;421;WKF-5447;1;16:23:54:608
0000005;00;0;869;WFN-7035;1;16:23:56:181
0000007;00;0;547;GGX-0037;2;16:23:58:227
0000009;00;0;040;YYC-7446;2;16:23:59:854
0000012;00;0;944;REN-5537;1;16:24:02:105
0000013;00;0;929;FXT-4639;1;16:24:03:128
0000014;00;0;977;SFA-5021;2;16:24:05:035
0000015;00;0;270;FXZ-5097;1;16:24:05:456
0000016;00;0;161;UVP-3655;1;16:24:06:737
0000017;00;0;350;GPO-3966;1;16:24:07:077
0000020;00;0;413;WQN-8762;2;16:24:10:603
0000022;00;0;291;AOW-4596;2;16:24:12:816
0000024;00;0;900;SFZ-3728;2;16:24:15:473
0000026;00;0;935;FIX-6519;1;16:24:18:533
0000029;00;0;458;OOK-4798;2;16:24:23:771
0000030;00;0;009;NKO-8538;1;16:24:24:453
0000033;00;0;875;PVS-3844;1;16:24:26:905
0000034;00;0;322;JLF-3557;1;16:24:27:976
0000036;00;0;401;NTR-5002;2;16:24:30:222
0000038;00;0;721;DIZ-2368;1;16:24:32:182
0000044;00;0;832;PXO-8321;1;16:24:39:268
0000045;00;0;481;KEU-7129;2;16:24:40:211
0000046;00;0;173;OGB-6292;2;16:24:42:054
0000047;00;0;154;ANF-3186;2;16:24:42:303
0000048;00;0;168;EPZ-7958;2;16:24:43:080
0000051;00;0;763;QGX-3102;1;16:24:46:329
0000053;00;0;061;LLC-7505;2;16:24:48:759
0000055;00;0;413;IWY-0235;2;16:24:50:953
0000056;00;0;896;NFS-0140;1;16:24:51:760
0000057;00;0;019;TEK-2658;1;16:24:52:657
0000058;00;0;678;ZJE-1018;1;16:24:53:026
0000059;00;0;800;RQC-9010;2;16:24:53:336
0000061;00;0;565;DPS-2625;2;16:24:55:585
0000062;00;0;423;YMM-0123;1;16:24:57:512
0000064;00;0;011;NPP-1153;1;16:25:00:783
0000065;00;0;188;BAZ-8662;2;16:25:02:164
0000069;00;0;111;ARM-6072;1;16:25:05:009
0000072;00;0;585;RJB-4229;2;16:25:09:189
0000073;00;0;296;HPK-3584;1;16:25:10:160
0000074;00;0;457;RQZ-2607;2;16:25:11:223
0000077;00;0;205;LIE-2279;2;16:25:15:027
0000078;00;0;637;OSR-0176;2;16:25:15:922
0000079;00;0;881;OJB-9855;2;16:25:17:291
0000080;00;0;611;POW-1752;2;16:25:19:134
0000082;00;0;112;PNP-0040;1;16:25:22:041
0000083;00;0;497;PQN-9353;1;16:25:22:321
0000084;00;0;044;AXX-1192;2;16:25:23:965
0000086;00;0;561;LTF-6129;1;16:25:25:171
0000087;00;0;601;TNZ-8213;1;16:25:26:484
0000089;00;0;498;KVF-2604;2;16:25:28:389
0000091;00;0;619;JZW-1818;1;16:25:29:673
0000093;00;0;971;CHZ-1545;1;16:25:30:924
0000094;00;0;769;ARX-8289;1;16:25:31:466
0000095;00;0;245;CEY-9601;2;16:25:32:538
0000096;00;0;152;XWT-9901;2;16:25:32:860
0000098;00;0;943;BXV-5049;2;16:25:34:829
0000099;00;0;608;CFQ-9954;1;16:25:36:530
0000100;00;0;949;ZGK-0748;2;16:25:37:483
0000102;00;0;923;FRO-4944;2;16:25:40:153
0000103;00;0;411;RXJ-2549;1;16:25:40:772
0000105;00;0;426;URP-2404;2;16:25:43:494
0000106;00;0;375;LDU-4736;2;16:25:45:217
0000107;00;0;256;WQC-0482;2;16:25:45:725
0000109;00;0;662;CZF-1416;1;16:25:46:729
0000110;00;0;233;UBU-6303;1;16:25:47:534
0000111;00;0;317;BRE-9200;1;16:25:47:797
0000112;00;0;050;BFC-1903;1;16:25:48:310
0000114;00;0;402;HJZ-3878;2;16:25:49:917
0000117;00;0;508;DHT-1515;2;16:25:53:549
0000120;00;0;484;WIT-5951;2;16:25:56:721
0000123;00;0;778;YBN-1974;2;16:25:59:514
0000125;00;0;309;NGY-0116;2;16:26:01:700
0000126;00;0;679;MPH-8826;1;16:26:01:854
0000127;00;0;666;TRW-1340;1;16:26:03:782
0000128;00;0;721;GHF-7902;2;16:26:04:213
0000130;00;0;907;XDY-1136;1;16:26:06:153
0000133;00;0;722;MBM-5269;2;16:26:10:073
0000136;00;0;602;XQK-9292;1;16:26:14:425
0000139;00;0;449;ZIV-4520;1;16:26:17:682
0000141;00;0;714;KYR-8638;2;16:26:20:139
0000143;00;0;557;YRA-2549;2;16:26:23:032
0000145;00;0;393;SIG-1591;2;16:26:24:798
0000147;00;0;281;NAR-8652;1;16:26:26:034
0000148;00;0;396;GJC-9174;2;16:26:26:512
0000150;00;0;615;JOO-6893;1;16:26:28:674
0000151;00;0;695;FPF-1172;1;16:26:28:983
0000153;00;0;182;PZS-0874;1;16:26:30:436
0000156;00;0;672;NMK-9762;2;16:26:33:594
0000158;00;0;945;ACG-1367;1;16:26:35:922
0000159;00;0;556;IPD-8283;1;16:26:36:902
0000160;00;0;583;MJQ-2018;1;16:26:37:826
0000166;00;0;869;FJN-7713;2;16:26:47:547
0000167;00;0;972;CTY-5177;2;16:26:49:186
0000168;00;0;364;DCJ-2237;2;16:26:50:348
0000171;00;0;742;EAE-8434;2;16:26:53:836
0000173;00;0;458;JLW-0807;1;16:26:55:854
0000175;00;0;928;IFY-6766;2;16:26:56:580
0000177;00;0;608;WZM-9535;1;16:26:58:410
0000179;00;0;523;NIH-9891;1;16:27:00:792
0000180;00;0;697;FWK-2931;1;16:27:01:751
0000185;00;0;578;FIV-0159;2;16:27:07:827
0000186;00;0;380;URQ-6477;2;16:27:09:449
0000188;00;0;163;ROQ-5452;2;16:27:11:372
0000190;00;0;198;SJG-7240;2;16:27:13:869
0000191;00;0;241;GDN-1758;2;16:27:15:772
0000193;00;0;007;RFF-2678;1;16:27:18:063
0000195;00;0;168;LLT-8922;1;16:27:20:837
0000196;00;0;144;ONX-4629;1;16:27:22:791
0000201;00;0;975;VYN-3333;2;16:27:26:532
0000202;00;0;007;CEN-8522;1;16:27:27:944
0000205;00;0;455;AAY-9253;2;16:27:31:659
0000210;00;0;450;HBD-0855;2;16:27:37:614
0000213;00;0;476;NFG-6671;2;16:27:39:611
0000214;00;0;989;MZN-9658;2;16:27:39:781
0000215;00;0;948;WBS-3396;2;16:27:39:983
0000216;00;0;529;UBS-1969;1;16:27:40:696
0000218;00;0;199;HEL-2420;1;16:27:43:124
0000220;00;0;186;ZSR-8074;2;16:27:45:275
0000222;00;0;768;GRI-0542;2;16:27:48:211
0000223;00;0;355;DFJ-3093;1;16:27:49:839
0000225;00;0;084;LFJ-3964;2;16:27:52:793
0000226;00;0;656;PZO-6080;1;16:27:53:968
0000229;00;0;720;DSG-8455;2;16:27:57:446
0000230;00;0;559;EMW-7905;1;16:27:57:817
0000231;00;0;885;SUQ-0797;1;16:27:59:594
0000232;00;0;340;MKH-7740;1;16:28:00:707
0000234;00;0;141;GBI-8315;1;16:28:02:533
0000236;00;0;512;SSQ-3717;1;16:28:03:775
0000237;00;0;335;TXD-5303;1;16:28:04:421
0000240;00;0;063;BIO-4769;1;16:28:07:436
0000242;00;0;588;KVF-9221;1;16:28:09:432
0000244;00;0;033;INT-5993;1;16:28:11:503
0000251;00;0;822;ZNM-0144;1;16:28:18:840
0000252;00;0;604;VVG-1724;2;16:28:19:876
0000254;00;0;750;BMT-8135;2;16:28:22:203
0000255;00;0;224;KJI-1920;1;16:28:24:107
0000258;00;0;125;QXK-2119;2;16:28:28:639
0000260;00;0;875;FUU-8719;1;16:28:30:320
0000268;00;0;877;UAT-6705;1;16:28:37:135
0000269;00;0;195;YGG-8588;2;16:28:38:003
0000272;00;0;458;TGT-1531;1;16:28:41:613
0000275;00;0;569;WOO-3585;2;16:28:45:390
0000277;00;0;338;JOP-2352;1;16:28:46:823
0000278;00;0;683;KSU-4422;2;16:28:47:412
0000279;00;0;361;YQN-3188;1;16:28:47:953
0000281;00;0;061;JBW-9462;2;16:28:50:058
0000283;00;0;049;APZ-9552;2;16:28:52:104
0000286;00;0;240;TCJ-8580;2;16:28:54:875
0000287;00;0;178;UDO-6798;2;16:28:55:984
0000291;00;0;028;PDM-8630;1;16:28:58:138
0000293;00;0;459;ZSV-7037;2;16:28:59:860
0000294;00;0;993;APP-8290;1;16:29:01:687
0000297;00;0;209;PJA-8058;2;16:29:05:761
0000299;00;0;530;RCX-7540;1;16:29:06:382
0000300;00;0;398;QGN-0481;1;16:29:08:140
0000304;00;0;193;LDV-3690;2;16:29:12:186
0000305;00;0;627;KBM-3879;2;16:29:12:681
0000311;00;0;809;BHO-3818;1;16:29:19:878
0000312;00;0;089;HKW-6840;1;16:29:20:852
0000314;00;0;250;SXT-8128;1;16:29:22:612
0000315;00;0;424;DYA-0885;1;16:29:24:189
0000318;00;0;334;THC-5974;1;16:29:28:999
0000320;00;0;037;GZM-1717;1;16:29:30:838
0000327;00;0;137;RFQ-2944;2;16:29:38:617
0000328;00;0;643;ORP-9857;2;16:29:39:541
0000329;00;0;623;ZMP-0841;2;16:29:40:939
0000330;00;0;957;RYK-5093;2;16:29:41:559
0000331;00;0;227;UAC-2274;2;16:29:42:084
0000332;00;0;170;YZO-1909;1;16:29:42:272
0000336;00;0;597;EWD-8108;2;16:29:45:034
0000337;00;0;366;CUQ-0819;1;16:29:46:225
0000338;00;0;339;IQE-1478;1;16:29:46:724
0000340;00;0;002;TWK-7056;2;16:29:49:013
0000341;00;0;761;HQK-6385;1;16:29:50:432
0000342;00;0;161;EBK-1187;2;16:29:52:279
0000346;00;0;093;WAU-3543;2;16:29:57:912
0000350;00;0;360;LRK-9947;1;16:29:59:884
0000352;00;0;522;DWD-4705;2;16:30:02:336
0000353;00;0;687;BQD-2045;1;16:30:03:697
0000354;00;0;154;UDS-6919;2;16:30:03:884
0000356;00;0;722;ERT-6260;2;16:30:06:406
0000357;00;0;717;HUQ-6626;2;16:30:06:995
0000358;00;0;171;MUS-8866;2;16:30:08:432
0000362;00;0;074;EFF-5318;2;16:30:12:920
0000370;00;0;790;NAY-1604;2;16:30:23:275
0000371;00;0;388;MYJ-8259;2;16:30:24:001
0000375;00;0;366;VJI-5329;2;16:30:29:111
0000376;00;0;982;KGO-1979;2;16:30:29:264
0000377;00;0;469;ZQT-7266;2;16:30:29:654
0000382;00;0;182;VKP-6292;1;16:30:33:992
0000384;00;0;203;FED-6946;2;16:30:36:114
0000385;00;0;624;VYX-1127;2;16:30:37:275
0000386;00;0;127;RBA-0142;1;16:30:39:012
0000387;00;0;476;IPY-5831;2;16:30:40:906
0000391;00;0;834;AFJ-2796;1;16:30:45:237
0000392;00;0;731;PYF-4248;1;16:30:46:898
0000393;00;0;182;VHX-3332;1;16:30:48:171
0000404;00;0;233;RZL-8942;2;16:30:58:106
0000002;00;0;705;NLF-9961;2;16:46:26:808
0000003;00;0;827;CVS-3902;2;16:46:28:014
0000004;00;0;421;WKF-5447;1;16:46:28:414
0000005;00;0;869;WFN-7035;1;16:46:29:990
0000007;00;0;547;GGX-0037;2;16:46:32:034
0000009;00;0;040;YYC-7446;2;16:46:33:645
0000002;00;0;705;NLF-9961;2;16:47:09:937
0000003;00;0;827;CVS-3902;2;16:47:11:141
0000004;00;0;421;WKF-5447;1;16:47:11:545
0000005;00;0;869;WFN-7035;1;16:47:13:110
0000007;00;0;547;GGX-0037;2;16:47:15:151
0000009;00;0;040;YYC-7446;2;16:47:18:940
0000012;00;0;944;REN-5537;1;16:47:21:193
0000013;00;0;929;FXT-4639;1;16:47:22:215
0000014;00;0;977;SFA-5021;2;16:47:24:116
0000015;00;0;270;FXZ-5097;1;16:47:24:539
0000016;00;0;161;UVP-3655;1;16:47:25:816
0000017;00;0;350;GPO-3966;1;16:47:28:665
0000020;00;0;413;WQN-8762;2;16:47:32:225
0000022;00;0;291;AOW-4596;2;16:47:34:442
0000024;00;0;900;SFZ-3728;2;16:47:40:181
0000026;00;0;935;FIX-6519;1;16:47:43:231
0000029;00;0;458;OOK-4798;2;16:47:51:285
0000030;00;0;009;NKO-8538;1;16:47:51:967
0000033;00;0;875;PVS-3844;1;16:47:54:419
0000034;00;0;322;JLF-3557;1;16:47:55:489
0000036;00;0;401;NTR-5002;2;16:48:00:733
0000038;00;0;721;DIZ-2368;1;16:48:02:682
0000002;00;0;705;NLF-9961;2;16:55:16:884
0000003;00;0;827;CVS-3902;2;16:55:18:093
0000004;00;0;421;WKF-5447;1;16:55:18:494
0000005;00;0;869;WFN-7035;1;16:55:20:069
0000007;00;0;547;GGX-0037;2;16:55:22:110
0000009;00;0;040;YYC-7446;2;16:55:23:720
0000012;00;0;944;REN-5537;1;16:55:25:955
0000013;00;0;929;FXT-4639;1;16:55:26:979
0000014;00;0;977;SFA-5021;2;16:55:28:879
0000015;00;0;270;FXZ-5097;1;16:55:37:834
0000016;00;0;161;UVP-3655;1;16:55:39:115
0000017;00;0;350;GPO-3966;1;16:55:39:458
0000020;00;0;413;WQN-8762;2;16:55:43:009
0000022;00;0;291;AOW-4596;2;16:55:45:221
0000024;00;0;900;SFZ-3728;2;16:55:51:226
0000033;00;0;875;PVS-3844;1;16:56:04:688
0000034;00;0;322;JLF-3557;1;16:56:05:772
0000026;00;0;935;FIX-6519;1;16:55:54:277
0000029;00;0;458;OOK-4798;2;16:56:01:556
0000030;00;0;009;NKO-8538;1;16:56:02:238
0000002;00;0;705;NLF-9961;2;17:13:22:407
0000003;00;0;827;CVS-3902;2;17:13:23:611
0000004;00;0;421;WKF-5447;1;17:13:24:013
0000005;00;0;869;WFN-7035;1;17:13:25:587
0000007;00;0;547;GGX-0037;2;17:13:27:625
0000009;00;0;040;YYC-7446;2;17:13:29:251
0000013;00;0;929;FXT-4639;1;17:13:38:189
0000012;00;0;944;REN-5537;1;17:13:37:166
0000015;00;0;270;FXZ-5097;1;17:13:40:509
0000016;00;0;161;UVP-3655;1;17:13:41:797
0000017;00;0;350;GPO-3966;1;17:13:42:138
0000014;00;0;977;SFA-5021;2;17:13:40:091
0000020;00;0;413;WQN-8762;2;17:13:49:043
0000022;00;0;291;AOW-4596;2;17:13:51:260
0000002;00;0;705;NLF-9961;2;17:15:00:920
0000003;00;0;827;CVS-3902;2;17:15:02:114
0000004;00;0;421;WKF-5447;1;17:15:02:515
0000005;00;0;869;WFN-7035;1;17:15:04:079
0000007;00;0;547;GGX-0037;2;17:15:06:122
0000009;00;0;040;YYC-7446;2;17:15:09:631
0000012;00;0;944;REN-5537;1;17:15:11:873
0000013;00;0;929;FXT-4639;1;17:15:12:897
0000014;00;0;977;SFA-5021;2;17:15:14:790
0000015;00;0;270;FXZ-5097;1;17:15:18:612
0000016;00;0;161;UVP-3655;1;17:15:19:895
0000017;00;0;350;GPO-3966;1;17:15:20:236
0000020;00;0;413;WQN-8762;2;17:15:23:795
0000022;00;0;291;AOW-4596;2;17:15:30:208
0000024;00;0;900;SFZ-3728;2;17:15:32:867
0000026;00;0;935;FIX-6519;1;17:15:35:922
0000029;00;0;458;OOK-4798;2;17:15:41:190
0000030;00;0;009;NKO-8538;1;17:15:41:873
0000033;00;0;875;PVS-3844;1;17:15:44:308
0000034;00;0;322;JLF-3557;1;17:15:45:393
0000036;00;0;401;NTR-5002;2;17:15:47:649
0000038;00;0;721;DIZ-2368;1;17:15:49:595
0000044;00;0;832;PXO-8321;1;17:15:56:686
0000045;00;0;481;KEU-7129;2;17:15:57:632
0000046;00;0;173;OGB-6292;2;17:15:59:473
0000047;00;0;154;ANF-3186;2;17:15:59:721
0000048;00;0;168;EPZ-7958;2;17:16:00:497
0000051;00;0;763;QGX-3102;1;17:16:03:741
0000053;00;0;061;LLC-7505;2;17:16:09:068
0000002;00;0;705;NLF-9961;2;17:17:07:482
0000003;00;0;827;CVS-3902;2;17:17:08:677
0000004;00;0;421;WKF-5447;1;17:17:09:081
0000005;00;0;869;WFN-7035;1;17:17:10:658
0000007;00;0;547;GGX-0037;2;17:17:12:692
0000009;00;0;040;YYC-7446;2;17:17:14:313
0000012;00;0;944;REN-5537;1;17:17:16:560
0000013;00;0;929;FXT-4639;1;17:17:17:582
0000014;00;0;977;SFA-5021;2;17:17:19:488
0000015;00;0;270;FXZ-5097;1;17:17:25:346
0000016;00;0;161;UVP-3655;1;17:17:26:631
0000017;00;0;350;GPO-3966;1;17:17:26:971
0000020;00;0;413;WQN-8762;2;17:17:30:521
0000022;00;0;291;AOW-4596;2;17:17:32:736
0000024;00;0;900;SFZ-3728;2;17:17:35:391
0000026;00;0;935;FIX-6519;1;17:17:43:112
0000029;00;0;458;OOK-4798;2;17:17:48:378
0000030;00;0;009;NKO-8538;1;17:17:49:058
0000033;00;0;875;PVS-3844;1;17:17:51:526
0000034;00;0;322;JLF-3557;1;17:17:52:608
0000036;00;0;401;NTR-5002;2;17:17:59:706
0000038;00;0;721;DIZ-2368;1;17:18:01:662
0000044;00;0;832;PXO-8321;1;17:18:08:749
0000045;00;0;481;KEU-7129;2;17:18:09:694
0000046;00;0;173;OGB-6292;2;17:18:11:538
0000047;00;0;154;ANF-3186;2;17:18:11:785
0000048;00;0;168;EPZ-7958;2;17:18:12:558
0000051;00;0;763;QGX-3102;1;17:18:15:806
